DFT, Frequency Response Magnitude
Numpoints, 2048
SamplingRate(Hz), 96000.000000
Frequency(Hz), Magnitude(dB)
0.000, 0.0000
23.438, 125.8502
46.875, 126.2767
70.313, 125.6030
93.750, 124.7584
117.188, 124.7371
140.625, 124.0653
164.063, 124.2139
187.500, 123.4257
210.938, 123.7535
234.375, 124.4151
257.813, 124.3372
281.250, 124.8577
304.688, 125.2457
328.125, 125.4745
351.563, 125.8426
375.000, 126.1114
398.438, 126.5068
421.875, 126.7206
445.313, 127.0023
468.750, 127.2633
492.188, 127.6137
515.625, 127.5724
539.063, 127.7301
562.500, 128.1777
585.938, 128.4111
609.375, 128.2839
632.813, 128.6707
656.250, 129.2664
679.688, 129.3839
703.125, 129.6227
726.563, 129.7638
750.000, 130.1005
773.438, 130.4255
796.875, 130.6627
820.313, 130.9431
843.750, 131.0672
867.188, 131.3050
890.625, 131.6667
914.063, 131.7950
937.500, 132.0001
960.938, 132.2748
984.375, 132.3301
1007.813, 132.4856
1031.250, 132.6517
1054.688, 132.8300
1078.125, 133.0728
1101.563, 133.4590
1125.000, 133.7516
1148.438, 133.8359
1171.875, 134.1384
1195.313, 134.1799
1218.750, 134.4530
1242.188, 134.7667
1265.625, 134.6801
1289.063, 134.9076
1312.500, 134.9843
1335.938, 134.7860
1359.375, 135.1879
1382.813, 135.0727
1406.250, 135.2320
1429.688, 135.4314
1453.125, 135.1475
1476.563, 135.3388
1500.000, 135.5254
1523.438, 134.9067
1546.875, 134.7144
1570.313, 134.7465
1593.750, 134.6333
1617.188, 134.9725
1640.625, 135.1621
1664.063, 135.2103
1687.500, 135.1228
1710.938, 135.1480
1734.375, 135.1924
1757.813, 135.4190
1781.250, 135.3936
1804.688, 135.2751
1828.125, 135.3351
1851.563, 135.5476
1875.000, 135.2669
1898.438, 135.4792
1921.875, 135.5501
1945.313, 134.9551
1968.750, 135.3410
1992.188, 135.2101
2015.625, 134.7250
2039.063, 135.0648
2062.500, 135.0510
2085.938, 134.8649
2109.375, 135.2874
2132.813, 135.2360
2156.250, 135.2144
2179.688, 135.4059
2203.125, 135.3315
2226.563, 135.3733
2250.000, 135.8706
2273.438, 136.0352
2296.875, 136.1714
2320.313, 136.6819
2343.750, 137.1148
2367.188, 136.9841
2390.625, 137.4921
2414.063, 137.7608
2437.500, 137.8748
2460.938, 138.3461
2484.375, 138.6287
2507.813, 138.7578
2531.250, 139.1241
2554.688, 139.4176
2578.125, 139.6821
2601.563, 139.9080
2625.000, 140.1441
2648.438, 140.3727
2671.875, 140.4679
2695.313, 140.7035
2718.750, 140.8002
2742.188, 140.7263
2765.625, 140.6737
2789.063, 140.6887
2812.500, 140.4462
2835.938, 140.5383
2859.375, 140.5809
2882.813, 140.3716
2906.250, 140.5529
2929.688, 140.5289
2953.125, 140.4380
2976.563, 140.5306
3000.000, 140.4451
3023.438, 140.5769
3046.875, 140.8283
3070.313, 140.9515
3093.750, 141.0252
3117.188, 141.3218
3140.625, 140.9987
3164.063, 140.8763
3187.500, 140.6891
3210.938, 140.3809
3234.375, 140.2532
3257.813, 140.1457
3281.250, 139.9863
3304.688, 139.9570
3328.125, 139.7157
3351.563, 139.8044
3375.000, 139.7006
3398.438, 139.8822
3421.875, 139.8819
3445.313, 140.0706
3468.750, 140.1519
3492.188, 140.2717
3515.625, 140.3779
3539.063, 140.4417
3562.500, 140.3442
3585.938, 140.4833
3609.375, 140.3995
3632.813, 140.4293
3656.250, 140.3819
3679.688, 140.4204
3703.125, 140.2720
3726.563, 140.3261
3750.000, 140.3007
3773.438, 140.3335
3796.875, 140.2309
3820.313, 140.3291
3843.750, 140.2796
3867.188, 140.2846
3890.625, 140.1758
3914.063, 140.1573
3937.500, 140.0517
3960.938, 139.8781
3984.375, 139.7641
4007.813, 139.6376
4031.250, 139.4808
4054.688, 139.3681
4078.125, 139.2614
4101.563, 139.1780
4125.000, 139.0447
4148.438, 139.0190
4171.875, 138.9925
4195.313, 139.0143
4218.750, 139.2426
4242.188, 139.5613
4265.625, 139.8093
4289.063, 140.2047
4312.500, 140.5987
4335.938, 140.9388
4359.375, 141.2569
4382.813, 141.5890
4406.250, 141.7471
4429.688, 141.8835
4453.125, 142.0750
4476.563, 142.1432
4500.000, 142.3170
4523.438, 142.5279
4546.875, 142.6929
4570.313, 142.8306
4593.750, 143.0640
4617.188, 143.1810
4640.625, 143.2957
4664.063, 143.3583
4687.500, 143.5000
4710.938, 143.5146
4734.375, 143.6269
4757.813, 143.6658
4781.250, 143.7477
4804.688, 143.7245
4828.125, 143.7648
4851.563, 143.6963
4875.000, 143.4990
4898.438, 143.3862
4921.875, 143.1538
4945.313, 142.8819
4968.750, 142.7094
4992.188, 142.2610
5015.625, 142.0617
5039.063, 141.8198
5062.500, 141.6047
5085.938, 141.5513
5109.375, 141.4945
5132.813, 141.5036
5156.250, 141.5587
5179.688, 141.5725
5203.125, 141.5624
5226.563, 141.5464
5250.000, 141.6361
5273.438, 141.5841
5296.875, 141.6142
5320.313, 141.5801
5343.750, 141.6223
5367.188, 141.6658
5390.625, 141.6181
5414.063, 141.7215
5437.500, 141.6147
5460.938, 141.5449
5484.375, 141.6152
5507.813, 141.4106
5531.250, 141.2929
5554.688, 141.1813
5578.125, 141.1167
5601.563, 140.8272
5625.000, 140.5977
5648.438, 140.4074
5671.875, 140.1718
5695.313, 140.0018
5718.750, 139.8159
5742.188, 139.6271
5765.625, 139.5865
5789.063, 139.5106
5812.500, 139.4302
5835.938, 139.3571
5859.375, 139.2336
5882.813, 139.0879
5906.250, 139.0975
5929.688, 138.9165
5953.125, 138.8531
5976.563, 138.8008
6000.000, 138.6740
6023.438, 138.6267
6046.875, 138.5496
6070.313, 138.5054
6093.750, 138.5191
6117.188, 138.5369
6140.625, 138.5018
6164.063, 138.4924
6187.500, 138.5649
6210.938, 138.6098
6234.375, 138.6669
6257.813, 138.7624
6281.250, 138.7872
6304.688, 138.8081
6328.125, 138.9094
6351.563, 138.9586
6375.000, 138.9932
6398.438, 139.0857
6421.875, 139.1139
6445.313, 139.0990
6468.750, 139.1736
6492.188, 139.0814
6515.625, 139.0406
6539.063, 139.0133
6562.500, 138.9298
6585.938, 138.8110
6609.375, 138.6671
6632.813, 138.5906
6656.250, 138.3608
6679.688, 138.2465
6703.125, 138.2079
6726.563, 138.1343
6750.000, 138.0742
6773.438, 138.0995
6796.875, 138.0634
6820.313, 138.0148
6843.750, 138.1303
6867.188, 138.1220
6890.625, 138.1044
6914.063, 138.1077
6937.500, 138.0138
6960.938, 137.9968
6984.375, 137.9554
7007.813, 137.9018
7031.250, 137.8024
7054.688, 137.7585
7078.125, 137.7529
7101.563, 137.6427
7125.000, 137.6868
7148.438, 137.7395
7171.875, 137.7410
7195.313, 137.8325
7218.750, 137.9406
7242.188, 137.9793
7265.625, 138.0898
7289.063, 138.1937
7312.500, 138.2180
7335.938, 138.2812
7359.375, 138.3839
7382.813, 138.4528
7406.250, 138.4723
7429.688, 138.5680
7453.125, 138.6363
7476.563, 138.6638
7500.000, 138.7118
7523.438, 138.7349
7546.875, 138.7334
7570.313, 138.7318
7593.750, 138.7377
7617.188, 138.6416
7640.625, 138.5672
7664.063, 138.5241
7687.500, 138.4107
7710.938, 138.3301
7734.375, 138.2343
7757.813, 138.1169
7781.250, 138.0593
7804.688, 137.9297
7828.125, 137.8882
7851.563, 137.8537
7875.000, 137.8033
7898.438, 137.8266
7921.875, 137.6600
7945.313, 137.5544
7968.750, 137.3654
7992.188, 137.1454
8015.625, 136.9532
8039.063, 136.7254
8062.500, 136.5781
8085.938, 136.3222
8109.375, 136.0831
8132.813, 135.8931
8156.250, 135.7882
8179.688, 135.5733
8203.125, 135.4721
8226.563, 135.3659
8250.000, 135.2907
8273.438, 135.1931
8296.875, 135.2124
8320.313, 135.2609
8343.750, 135.3160
8367.188, 135.4115
8390.625, 135.5247
8414.063, 135.5910
8437.500, 135.7111
8460.938, 135.7680
8484.375, 135.7569
8507.813, 135.7627
8531.250, 135.8090
8554.688, 135.7851
8578.125, 135.6382
8601.563, 135.5731
8625.000, 135.4110
8648.438, 135.2650
8671.875, 135.1557
8695.313, 135.0598
8718.750, 134.9647
8742.188, 135.0210
8765.625, 135.0211
8789.063, 135.0801
8812.500, 135.1495
8835.938, 135.2638
8859.375, 135.3838
8882.813, 135.5292
8906.250, 135.6131
8929.688, 135.7040
8953.125, 135.7081
8976.563, 135.6559
9000.000, 135.5538
9023.438, 135.5815
9046.875, 135.4700
9070.313, 135.3284
9093.750, 135.1396
9117.188, 135.0220
9140.625, 134.8802
9164.063, 134.7390
9187.500, 134.6519
9210.938, 134.4003
9234.375, 134.2808
9257.813, 134.2028
9281.250, 133.9619
9304.688, 133.8757
9328.125, 133.7511
9351.563, 133.6453
9375.000, 133.5943
9398.438, 133.4464
9421.875, 133.5212
9445.313, 133.4761
9468.750, 133.4065
9492.188, 133.3356
9515.625, 133.4188
9539.063, 133.3453
9562.500, 133.3573
9585.938, 133.2890
9609.375, 133.2854
9632.813, 133.2033
9656.250, 133.1208
9679.688, 133.0354
9703.125, 133.0276
9726.563, 132.9888
9750.000, 132.8739
9773.438, 132.7500
9796.875, 132.6601
9820.313, 132.6248
9843.750, 132.5363
9867.188, 132.5816
9890.625, 132.5317
9914.063, 132.4673
9937.500, 132.3903
9960.938, 132.4214
9984.375, 132.3273
10007.813, 132.3300
10031.250, 132.3525
10054.688, 132.2737
10078.125, 132.2981
10101.563, 132.2582
10125.000, 132.2564
10148.438, 132.3042
10171.875, 132.2688
10195.313, 132.2477
10218.750, 132.0888
10242.188, 132.0670
10265.625, 132.1174
10289.063, 132.0171
10312.500, 131.9583
10335.938, 131.9774
10359.375, 131.8631
10382.813, 131.8596
10406.250, 131.7638
10429.688, 131.7352
10453.125, 131.6477
10476.563, 131.5274
10500.000, 131.5202
10523.438, 131.5507
10546.875, 131.5414
10570.313, 131.5098
10593.750, 131.5229
10617.188, 131.5100
10640.625, 131.6053
10664.063, 131.5848
10687.500, 131.7469
10710.938, 131.8574
10734.375, 131.8747
10757.813, 131.9853
10781.250, 132.0791
10804.688, 132.1930
10828.125, 132.2566
10851.563, 132.3568
10875.000, 132.5594
10898.438, 132.6920
10921.875, 132.8674
10945.313, 132.9095
10968.750, 133.0269
10992.188, 133.1135
11015.625, 133.3515
11039.063, 133.4763
11062.500, 133.5548
11085.938, 133.7020
11109.375, 133.9028
11132.813, 134.0167
11156.250, 134.1442
11179.688, 134.2401
11203.125, 134.3507
11226.563, 134.4222
11250.000, 134.5555
11273.438, 134.6312
11296.875, 134.6830
11320.313, 134.7553
11343.750, 134.7420
11367.188, 134.7530
11390.625, 134.8285
11414.063, 134.7677
11437.500, 134.6880
11460.938, 134.6117
11484.375, 134.4608
11507.813, 134.3266
11531.250, 134.1366
11554.688, 133.9091
11578.125, 133.6295
11601.563, 133.5087
11625.000, 133.2857
11648.438, 133.0343
11671.875, 132.7870
11695.313, 132.5344
11718.750, 132.2846
11742.188, 132.1849
11765.625, 131.9747
11789.063, 131.7499
11812.500, 131.6441
11835.938, 131.4178
11859.375, 131.3333
11882.813, 131.2503
11906.250, 131.1963
11929.688, 131.1672
11953.125, 131.2035
11976.563, 130.9948
12000.000, 131.0902
12023.438, 131.0255
12046.875, 131.0161
12070.313, 131.0108
12093.750, 131.0531
12117.188, 130.9293
12140.625, 130.9456
12164.063, 130.9821
12187.500, 131.0208
12210.938, 131.0445
12234.375, 130.9489
12257.813, 131.0207
12281.250, 131.0057
12304.688, 131.0952
12328.125, 131.1670
12351.563, 131.1464
12375.000, 131.2796
12398.438, 131.2837
12421.875, 131.3249
12445.313, 131.4631
12468.750, 131.2912
12492.188, 131.2926
12515.625, 131.2646
12539.063, 131.2238
12562.500, 131.2139
12585.938, 131.1902
12609.375, 131.1013
12632.813, 130.9904
12656.250, 130.9885
12679.688, 130.9258
12703.125, 130.8530
12726.563, 130.7253
12750.000, 130.6239
12773.438, 130.4928
12796.875, 130.4561
12820.313, 130.3629
12843.750, 130.1980
12867.188, 130.1406
12890.625, 129.9472
12914.063, 129.9594
12937.500, 129.8621
12960.938, 129.7858
12984.375, 129.7003
13007.813, 129.6589
13031.250, 129.6535
13054.688, 129.5700
13078.125, 129.4235
13101.563, 129.3147
13125.000, 129.2921
13148.438, 129.2202
13171.875, 129.0672
13195.313, 128.8780
13218.750, 128.7694
13242.188, 128.6844
13265.625, 128.4622
13289.063, 128.2829
13312.500, 128.0203
13335.938, 127.7746
13359.375, 127.5974
13382.813, 127.3601
13406.250, 127.1464
13429.688, 126.9459
13453.125, 126.8892
13476.563, 126.5834
13500.000, 126.4907
13523.438, 126.2070
13546.875, 126.3449
13570.313, 125.8664
13593.750, 125.9408
13617.188, 125.7425
13640.625, 125.7293
13664.063, 125.6836
13687.500, 125.4955
13710.938, 125.4920
13734.375, 125.4968
13757.813, 125.2180
13781.250, 125.2369
13804.688, 125.1030
13828.125, 125.0828
13851.563, 124.9648
13875.000, 125.1410
13898.438, 124.9664
13921.875, 124.8981
13945.313, 124.8973
13968.750, 124.7270
13992.188, 124.7549
14015.625, 124.7761
14039.063, 124.8605
14062.500, 124.7336
14085.938, 124.7920
14109.375, 124.8553
14132.813, 124.8299
14156.250, 124.7696
14179.688, 125.0398
14203.125, 124.7440
14226.563, 125.1311
14250.000, 124.7007
14273.438, 124.9152
14296.875, 124.7903
14320.313, 124.5194
14343.750, 124.5765
14367.188, 124.6258
14390.625, 124.3074
14414.063, 124.1602
14437.500, 124.0635
14460.938, 123.7743
14484.375, 123.7638
14507.813, 123.7136
14531.250, 123.8950
14554.688, 123.6191
14578.125, 123.5921
14601.563, 123.7327
14625.000, 123.5863
14648.438, 123.8975
14671.875, 123.7669
14695.313, 123.6749
14718.750, 123.6315
14742.188, 123.6344
14765.625, 123.5302
14789.063, 123.5348
14812.500, 123.5978
14835.938, 123.5635
14859.375, 123.6223
14882.813, 123.4866
14906.250, 123.3951
14929.688, 123.5065
14953.125, 123.3580
14976.563, 123.2544
15000.000, 122.8371
15023.438, 123.1218
15046.875, 123.0971
15070.313, 122.9389
15093.750, 122.7465
15117.188, 122.9056
15140.625, 122.5751
15164.063, 122.4537
15187.500, 122.4326
15210.938, 122.1643
15234.375, 122.2097
15257.813, 122.0005
15281.250, 121.7987
15304.688, 121.9091
15328.125, 121.5201
15351.563, 121.1268
15375.000, 121.2739
15398.438, 120.7368
15421.875, 120.9852
15445.313, 120.6820
15468.750, 120.2845
15492.188, 120.0947
15515.625, 119.7598
15539.063, 119.8443
15562.500, 119.2178
15585.938, 119.4147
15609.375, 119.1945
15632.813, 118.9705
15656.250, 119.0302
15679.688, 118.9749
15703.125, 118.7576
15726.563, 118.3611
15750.000, 118.6258
15773.438, 118.4297
15796.875, 118.2911
15820.313, 117.6299
15843.750, 117.5981
15867.188, 117.4539
15890.625, 117.0750
15914.063, 117.0807
15937.500, 116.9693
15960.938, 116.5566
15984.375, 116.9933
16007.813, 116.3235
16031.250, 116.1127
16054.688, 115.8866
16078.125, 115.4205
16101.563, 115.3668
16125.000, 114.9468
16148.438, 114.5593
16171.875, 114.7628
16195.313, 114.2749
16218.750, 113.9884
16242.188, 113.7159
16265.625, 113.4509
16289.063, 113.2179
16312.500, 113.0727
16335.938, 112.4476
16359.375, 112.5653
16382.813, 112.8926
16406.250, 112.6706
16429.688, 112.1754
16453.125, 112.1344
16476.563, 112.3571
16500.000, 111.3302
16523.438, 111.9704
16546.875, 111.7859
16570.313, 112.0544
16593.750, 112.0384
16617.188, 111.8699
16640.625, 112.1146
16664.063, 112.2195
16687.500, 112.6883
16710.938, 112.6844
16734.375, 111.5794
16757.813, 112.4320
16781.250, 112.1229
16804.688, 112.3231
16828.125, 111.8825
16851.563, 112.1706
16875.000, 112.3631
16898.438, 112.2253
16921.875, 111.7983
16945.313, 111.5250
16968.750, 111.5059
16992.188, 111.5138
17015.625, 112.0197
17039.063, 110.8438
17062.500, 111.3576
17085.938, 110.8767
17109.375, 111.3200
17132.813, 110.9932
17156.250, 110.4579
17179.688, 110.7906
17203.125, 110.1799
17226.563, 109.9616
17250.000, 109.9289
17273.438, 109.9749
17296.875, 109.7215
17320.313, 110.1302
17343.750, 109.6672
17367.188, 109.3076
17390.625, 109.5874
17414.063, 109.3855
17437.500, 109.7583
17460.938, 109.7696
17484.375, 109.4973
17507.813, 108.8809
17531.250, 109.5061
17554.688, 108.8574
17578.125, 108.5766
17601.563, 109.3034
17625.000, 108.6740
17648.438, 109.3359
17671.875, 109.7101
17695.313, 109.2862
17718.750, 109.5541
17742.188, 109.0898
17765.625, 109.4034
17789.063, 109.8078
17812.500, 109.9587
17835.938, 109.9688
17859.375, 109.6706
17882.813, 109.9670
17906.250, 110.0051
17929.688, 109.9930
17953.125, 110.1754
17976.563, 110.7835
18000.000, 108.2813
18023.438, 110.5714
18046.875, 110.2805
18070.313, 110.2091
18093.750, 110.1496
18117.188, 110.2979
18140.625, 110.1629
18164.063, 110.1168
18187.500, 110.6261
18210.938, 110.4297
18234.375, 110.4951
18257.813, 110.1784
18281.250, 110.2783
18304.688, 110.3902
18328.125, 110.4501
18351.563, 110.2130
18375.000, 110.0797
18398.438, 110.1075
18421.875, 110.1460
18445.313, 110.0949
18468.750, 109.7129
18492.188, 109.9773
18515.625, 109.9062
18539.063, 109.9645
18562.500, 110.0192
18585.938, 109.4917
18609.375, 109.5410
18632.813, 109.5298
18656.250, 109.6504
18679.688, 109.4612
18703.125, 109.5766
18726.563, 109.2744
18750.000, 109.6218
18773.438, 109.6110
18796.875, 109.5073
18820.313, 109.8514
18843.750, 109.5568
18867.188, 109.4251
18890.625, 109.9217
18914.063, 109.5242
18937.500, 109.5645
18960.938, 109.3914
18984.375, 109.3891
19007.813, 109.6020
19031.250, 109.4000
19054.688, 109.5238
19078.125, 109.4817
19101.563, 109.4107
19125.000, 109.4906
19148.438, 109.3418
19171.875, 109.1071
19195.313, 109.0351
19218.750, 108.7388
19242.188, 108.6765
19265.625, 108.7734
19289.063, 108.4080
19312.500, 108.0818
19335.938, 108.0937
19359.375, 107.7645
19382.813, 107.5284
19406.250, 107.4141
19429.688, 107.1197
19453.125, 106.4887
19476.563, 106.4890
19500.000, 105.6984
19523.438, 106.1300
19546.875, 105.9943
19570.313, 105.2532
19593.750, 105.1320
19617.188, 105.5067
19640.625, 105.1315
19664.063, 104.8882
19687.500, 104.6521
19710.938, 104.8374
19734.375, 104.2851
19757.813, 104.1059
19781.250, 103.8968
19804.688, 103.8727
19828.125, 103.3079
19851.563, 103.2116
19875.000, 101.9895
19898.438, 102.4872
19921.875, 102.2505
19945.313, 101.9889
19968.750, 100.8279
19992.188, 101.0132
20015.625, 100.7483
20039.063, 100.2499
20062.500, 100.1260
20085.938, 100.2256
20109.375, 99.7119
20132.813, 99.3087
20156.250, 98.9645
20179.688, 98.7831
20203.125, 98.5941
20226.563, 98.1778
20250.000, 97.0505
20273.438, 97.3540
20296.875, 97.1192
20320.313, 96.5569
20343.750, 96.4659
20367.188, 95.9048
20390.625, 95.2767
20414.063, 94.8323
20437.500, 94.5772
20460.938, 94.7682
20484.375, 93.9127
20507.813, 94.0693
20531.250, 93.3592
20554.688, 93.2160
20578.125, 93.2197
20601.563, 92.4953
20625.000, 90.6169
20648.438, 91.9540
20671.875, 91.7569
20695.313, 91.0234
20718.750, 92.4586
20742.188, 90.9748
20765.625, 90.2181
20789.063, 90.1137
20812.500, 89.8802
20835.938, 90.1777
20859.375, 89.5329
20882.813, 89.6745
20906.250, 88.6017
20929.688, 87.6818
20953.125, 87.9429
20976.563, 88.1634
21000.000, 87.2028
21023.438, 88.3320
21046.875, 86.3018
21070.313, 87.4306
21093.750, 86.2099
21117.188, 85.7580
21140.625, 84.2511
21164.063, 83.6281
21187.500, 84.1446
21210.938, 84.9812
21234.375, 82.1973
21257.813, 82.4140
21281.250, 82.6328
21304.688, 81.7882
21328.125, 82.3716
21351.563, 82.7594
21375.000, 82.2227
21398.438, 80.7324
21421.875, 81.5624
21445.313, 78.4080
21468.750, 75.1385
21492.188, 74.8175
21515.625, 74.9289
21539.063, 75.7240
21562.500, 74.7675
21585.938, 76.3238
21609.375, 75.6494
21632.813, 71.5664
21656.250, 74.9474
21679.688, 69.3818
21703.125, 68.5297
21726.563, 71.5322
21750.000, 71.6208
21773.438, 75.6286
21796.875, 69.4118
21820.313, 68.2259
21843.750, 69.3784
21867.188, 59.7276
21890.625, 66.5054
21914.063, 62.1625
21937.500, 63.7781
21960.938, 67.8422
21984.375, 64.9947
22007.813, 63.3411
22031.250, 69.9764
22054.688, 57.6886
22078.125, 68.1860
22101.563, 70.5792
22125.000, 74.4894
22148.438, 59.3016
22171.875, 51.4952
22195.313, 64.9244
22218.750, 72.0474
22242.188, 61.8337
22265.625, 60.4424
22289.063, 54.2958
22312.500, 59.9763
22335.938, 64.2998
22359.375, 64.0424
22382.813, 52.3404
22406.250, 55.2747
22429.688, 64.1848
22453.125, 63.2168
22476.563, 68.3773
22500.000, 72.4501
22523.438, 62.8077
22546.875, 64.8650
22570.313, 68.6300
22593.750, 63.2502
22617.188, 68.7228
22640.625, 66.1486
22664.063, 67.8235
22687.500, 63.0584
22710.938, 64.2296
22734.375, 64.2125
22757.813, 68.9383
22781.250, 55.8024
22804.688, 50.1371
22828.125, 55.9391
22851.563, 58.1993
22875.000, 70.9025
22898.438, 69.7308
22921.875, 65.5981
22945.313, 56.3523
22968.750, 54.0655
22992.188, 59.6339
23015.625, 49.9984
23039.063, 64.9283
23062.500, 61.3074
23085.938, 66.2993
23109.375, 64.8031
23132.813, 65.9380
23156.250, 60.8782
23179.688, 61.7701
23203.125, 60.8149
23226.563, 56.4358
23250.000, 56.8398
23273.438, 57.2490
23296.875, 59.8926
23320.313, 57.6923
23343.750, 53.7477
23367.188, 59.0250
23390.625, 63.7724
23414.063, 50.4327
23437.500, 56.1195
23460.938, 56.0211
23484.375, 56.6517
23507.813, 60.4861
23531.250, 63.9189
23554.688, 48.0564
23578.125, 49.1406
23601.563, 56.3493
23625.000, 45.5632
23648.438, 56.0533
23671.875, 59.7904
23695.313, 54.8238
23718.750, 54.1696
23742.188, 52.0597
23765.625, 49.4288
23789.063, 49.0940
23812.500, 45.5337
23835.938, 43.3876
23859.375, 50.6165
23882.813, 48.4953
23906.250, 49.1551
23929.688, 44.8467
23953.125, 52.3539
23976.563, 51.9111
24000.000, 52.6041
24023.438, 49.1377
24046.875, 47.5426
24070.313, 55.4430
24093.750, 55.2891
24117.188, 48.0040
24140.625, 41.0289
24164.063, 56.4818
24187.500, 50.9954
24210.938, 57.1364
24234.375, 51.2039
24257.813, 55.0925
24281.250, 57.3198
24304.688, 56.6840
24328.125, 54.4323
24351.563, 57.5247
24375.000, 51.9231
24398.438, 48.6036
24421.875, 54.6591
24445.313, 58.5148
24468.750, 55.1409
24492.188, 59.5986
24515.625, 57.9513
24539.063, 56.4859
24562.500, 55.4523
24585.938, 58.5654
24609.375, 60.4942
24632.813, 60.3456
24656.250, 57.4762
24679.688, 61.2835
24703.125, 61.5844
24726.563, 62.1442
24750.000, 61.0961
24773.438, 56.6513
24796.875, 59.3946
24820.313, 62.0787
24843.750, 61.6062
24867.188, 58.0340
24890.625, 63.8031
24914.063, 60.8026
24937.500, 63.3275
24960.938, 62.4091
24984.375, 61.3616
25007.813, 61.3060
25031.250, 63.8104
25054.688, 60.4937
25078.125, 64.6956
25101.563, 60.9398
25125.000, 63.2115
25148.438, 63.4241
25171.875, 63.0662
25195.313, 61.5581
25218.750, 65.2148
25242.188, 64.4138
25265.625, 63.0593
25289.063, 62.9688
25312.500, 63.1921
25335.938, 65.5205
25359.375, 65.0220
25382.813, 64.1207
25406.250, 65.6836
25429.688, 64.1652
25453.125, 65.2439
25476.563, 64.5398
25500.000, 64.6666
25523.438, 65.3440
25546.875, 64.2410
25570.313, 62.6874
25593.750, 66.2835
25617.188, 63.7356
25640.625, 65.2405
25664.063, 65.1049
25687.500, 66.0403
25710.938, 64.5614
25734.375, 67.1108
25757.813, 65.1965
25781.250, 64.7521
25804.688, 64.5554
25828.125, 66.3186
25851.563, 64.3063
25875.000, 63.7355
25898.438, 65.4429
25921.875, 66.2891
25945.313, 63.8273
25968.750, 64.5907
25992.188, 65.8106
26015.625, 64.7545
26039.063, 62.5649
26062.500, 61.3280
26085.938, 64.2270
26109.375, 63.9103
26132.813, 63.2987
26156.250, 61.6519
26179.688, 60.7356
26203.125, 63.9244
26226.563, 62.3011
26250.000, 61.7179
26273.438, 57.7228
26296.875, 59.5457
26320.313, 61.6049
26343.750, 58.9448
26367.188, 61.3527
26390.625, 61.4467
26414.063, 60.8530
26437.500, 61.9483
26460.938, 57.7048
26484.375, 60.4509
26507.813, 62.7379
26531.250, 62.2756
26554.688, 60.3949
26578.125, 58.5796
26601.563, 61.8153
26625.000, 60.8496
26648.438, 57.7292
26671.875, 60.3472
26695.313, 62.3743
26718.750, 59.5263
26742.188, 58.7719
26765.625, 59.9026
26789.063, 61.8848
26812.500, 59.7374
26835.938, 56.3083
26859.375, 60.9854
26882.813, 55.1295
26906.250, 58.4133
26929.688, 56.4358
26953.125, 60.2795
26976.563, 61.4661
27000.000, 61.1534
27023.438, 60.6246
27046.875, 60.3658
27070.313, 60.1176
27093.750, 59.3840
27117.188, 58.5823
27140.625, 58.6233
27164.063, 56.5354
27187.500, 56.7352
27210.938, 58.9178
27234.375, 59.7392
27257.813, 58.2537
27281.250, 57.7336
27304.688, 59.1563
27328.125, 51.4753
27351.563, 47.9193
27375.000, 44.6195
27398.438, 56.8016
27421.875, 56.6929
27445.313, 48.5522
27468.750, 56.1024
27492.188, 39.3497
27515.625, 32.9853
27539.063, 51.7886
27562.500, 55.1274
27585.938, 43.4638
27609.375, 47.8664
27632.813, 51.4580
27656.250, 51.7996
27679.688, 52.5809
27703.125, 53.3216
27726.563, 50.3499
27750.000, 52.2647
27773.438, 46.7901
27796.875, 52.6900
27820.313, 51.4675
27843.750, 52.1970
27867.188, 47.4805
27890.625, 50.6892
27914.063, 44.6584
27937.500, 49.7845
27960.938, 50.8478
27984.375, 53.4325
28007.813, 49.7396
28031.250, 48.7929
28054.688, 51.8850
28078.125, 53.6112
28101.563, 51.8580
28125.000, 48.5002
28148.438, 54.1874
28171.875, 55.6092
28195.313, 29.5053
28218.750, 51.0075
28242.188, 44.1481
28265.625, 56.9205
28289.063, 56.8772
28312.500, 45.0082
28335.938, 56.7631
28359.375, 53.3703
28382.813, 55.6035
28406.250, 55.9471
28429.688, 60.6826
28453.125, 64.5025
28476.563, 67.3183
28500.000, 53.9089
28523.438, 66.4726
28546.875, 66.1054
28570.313, 62.8152
28593.750, 61.1877
28617.188, 59.3403
28640.625, 55.8462
28664.063, 58.9880
28687.500, 59.4513
28710.938, 58.2956
28734.375, 57.9256
28757.813, 58.9754
28781.250, 55.0344
28804.688, 61.1067
28828.125, 56.2003
28851.563, 61.0828
28875.000, 57.1807
28898.438, 55.9191
28921.875, 60.9562
28945.313, 60.1782
28968.750, 61.2552
28992.188, 52.5387
29015.625, 60.1601
29039.063, 53.0656
29062.500, 54.8725
29085.938, 59.0331
29109.375, 51.7610
29132.813, 60.5442
29156.250, 63.4622
29179.688, 62.2103
29203.125, 62.6369
29226.563, 60.1436
29250.000, 61.3851
29273.438, 62.0966
29296.875, 61.1843
29320.313, 61.3763
29343.750, 61.4981
29367.188, 59.6889
29390.625, 62.4176
29414.063, 62.3325
29437.500, 62.2962
29460.938, 59.0297
29484.375, 63.2642
29507.813, 63.1523
29531.250, 61.7840
29554.688, 64.3073
29578.125, 61.2247
29601.563, 64.7664
29625.000, 64.1139
29648.438, 64.6376
29671.875, 64.8124
29695.313, 62.9324
29718.750, 60.7999
29742.188, 64.5236
29765.625, 63.0918
29789.063, 61.7028
29812.500, 62.8329
29835.938, 65.0699
29859.375, 65.7180
29882.813, 65.2438
29906.250, 59.5881
29929.688, 63.0209
29953.125, 63.6727
29976.563, 61.4464
30000.000, 63.7194
30023.438, 63.0709
30046.875, 64.3864
30070.313, 63.3163
30093.750, 62.8196
30117.188, 62.7881
30140.625, 61.8159
30164.063, 64.3419
30187.500, 62.7631
30210.938, 60.7211
30234.375, 61.3554
30257.813, 63.5163
30281.250, 63.9455
30304.688, 63.3033
30328.125, 59.0252
30351.563, 62.6716
30375.000, 63.0612
30398.438, 63.4807
30421.875, 61.6782
30445.313, 62.3750
30468.750, 58.7441
30492.188, 61.6888
30515.625, 61.3905
30539.063, 60.0615
30562.500, 62.0155
30585.938, 61.6219
30609.375, 59.1046
30632.813, 57.4414
30656.250, 60.3565
30679.688, 57.6606
30703.125, 59.4428
30726.563, 59.5760
30750.000, 61.0462
30773.438, 61.2602
30796.875, 56.2037
30820.313, 57.6546
30843.750, 59.5909
30867.188, 58.9140
30890.625, 57.6264
30914.063, 57.7063
30937.500, 60.9653
30960.938, 60.3201
30984.375, 62.3830
31007.813, 56.8477
31031.250, 62.1207
31054.688, 62.1195
31078.125, 56.7433
31101.563, 56.4522
31125.000, 61.1033
31148.438, 61.9574
31171.875, 56.2455
31195.313, 59.9873
31218.750, 60.5253
31242.188, 61.8106
31265.625, 56.0162
31289.063, 58.5084
31312.500, 58.1302
31335.938, 51.9862
31359.375, 50.3824
31382.813, 57.1445
31406.250, 56.4605
31429.688, 56.1502
31453.125, 56.1882
31476.563, 53.1556
31500.000, 54.7915
31523.438, 51.1296
31546.875, 51.0350
31570.313, 53.9328
31593.750, 45.7119
31617.188, 53.1356
31640.625, 52.2274
31664.063, 50.3223
31687.500, 33.9064
31710.938, 46.9107
31734.375, 52.2089
31757.813, 52.8444
31781.250, 53.2462
31804.688, 51.9837
31828.125, 53.9529
31851.563, 44.7716
31875.000, 53.1860
31898.438, 54.5841
31921.875, 52.8177
31945.313, 47.4306
31968.750, 56.1001
31992.188, 47.3401
32015.625, 47.2273
32039.063, 52.1796
32062.500, 55.2402
32085.938, 53.5571
32109.375, 54.6938
32132.813, 53.0213
32156.250, 55.7765
32179.688, 47.3550
32203.125, 59.0529
32226.563, 55.4640
32250.000, 53.4325
32273.438, 56.3156
32296.875, 48.1797
32320.313, 59.2592
32343.750, 57.9622
32367.188, 59.5585
32390.625, 61.1023
32414.063, 57.7217
32437.500, 57.6146
32460.938, 59.0853
32484.375, 61.8248
32507.813, 60.6036
32531.250, 59.7406
32554.688, 55.8350
32578.125, 61.4425
32601.563, 59.7753
32625.000, 59.3692
32648.438, 61.2041
32671.875, 62.9491
32695.313, 61.3541
32718.750, 62.9850
32742.188, 59.5533
32765.625, 62.1253
32789.063, 63.0126
32812.500, 61.8993
32835.938, 61.4565
32859.375, 62.2465
32882.813, 62.5006
32906.250, 64.7431
32929.688, 63.1061
32953.125, 63.2114
32976.563, 60.2191
33000.000, 64.1583
33023.438, 63.5331
33046.875, 66.7921
33070.313, 66.9269
33093.750, 65.8760
33117.188, 66.5693
33140.625, 65.7576
33164.063, 65.3300
33187.500, 62.8638
33210.938, 63.6499
33234.375, 66.2097
33257.813, 65.7027
33281.250, 66.6681
33304.688, 67.9669
33328.125, 66.4128
33351.563, 64.7386
33375.000, 67.6224
33398.438, 66.1348
33421.875, 65.5637
33445.313, 65.0956
33468.750, 65.6733
33492.188, 63.1642
33515.625, 66.4305
33539.063, 65.4352
33562.500, 64.5055
33585.938, 62.2136
33609.375, 65.4163
33632.813, 62.8914
33656.250, 63.7534
33679.688, 65.9426
33703.125, 64.4780
33726.563, 62.8616
33750.000, 64.8130
33773.438, 64.2452
33796.875, 63.9438
33820.313, 64.8965
33843.750, 62.0598
33867.188, 65.3974
33890.625, 63.2502
33914.063, 65.1763
33937.500, 63.4814
33960.938, 65.8180
33984.375, 64.7032
34007.813, 64.3502
34031.250, 63.0159
34054.688, 62.9137
34078.125, 64.8907
34101.563, 64.2706
34125.000, 64.1874
34148.438, 63.4314
34171.875, 59.0771
34195.313, 64.0442
34218.750, 59.1897
34242.188, 62.2636
34265.625, 58.8840
34289.063, 62.2912
34312.500, 60.8468
34335.938, 62.6712
34359.375, 60.3499
34382.813, 61.3517
34406.250, 61.4232
34429.688, 59.6917
34453.125, 62.0623
34476.563, 55.7864
34500.000, 59.0520
34523.438, 61.3855
34546.875, 60.2706
34570.313, 55.5056
34593.750, 60.8152
34617.188, 57.6799
34640.625, 60.5875
34664.063, 55.7050
34687.500, 59.9589
34710.938, 56.4684
34734.375, 60.6918
34757.813, 57.8900
34781.250, 59.6925
34804.688, 59.0946
34828.125, 56.2180
34851.563, 58.9419
34875.000, 52.2492
34898.438, 59.6749
34921.875, 52.0448
34945.313, 53.5095
34968.750, 50.9161
34992.188, 57.2469
35015.625, 54.5246
35039.063, 58.9773
35062.500, 54.8680
35085.938, 56.6840
35109.375, 51.6783
35132.813, 56.7660
35156.250, 57.5652
35179.688, 53.0237
35203.125, 52.9930
35226.563, 53.1232
35250.000, 47.8211
35273.438, 55.0325
35296.875, 43.2414
35320.313, 56.0234
35343.750, 45.2205
35367.188, 51.6262
35390.625, 37.6529
35414.063, 55.8923
35437.500, 51.2238
35460.938, 52.0261
35484.375, 55.1044
35507.813, 57.2252
35531.250, 40.8584
35554.688, 57.3485
35578.125, 49.7011
35601.563, 54.1570
35625.000, 46.6543
35648.438, 52.4987
35671.875, 51.1928
35695.313, 56.6147
35718.750, 49.1741
35742.188, 55.4772
35765.625, 54.2439
35789.063, 53.6620
35812.500, 55.0506
35835.938, 39.8094
35859.375, 46.9692
35882.813, 58.9723
35906.250, 44.8948
35929.688, 55.8897
35953.125, 56.1659
35976.563, 48.6464
36000.000, 58.8191
36023.438, 43.7485
36046.875, 58.6935
36070.313, 59.2497
36093.750, 58.2217
36117.188, 60.4655
36140.625, 56.9291
36164.063, 55.3885
36187.500, 51.1002
36210.938, 52.0154
36234.375, 54.9767
36257.813, 53.6344
36281.250, 55.1298
36304.688, 60.4588
36328.125, 59.5629
36351.563, 64.2596
36375.000, 59.3610
36398.438, 57.0047
36421.875, 54.4026
36445.313, 50.9405
36468.750, 61.1713
36492.188, 56.8277
36515.625, 48.0184
36539.063, 54.2060
36562.500, 45.1011
36585.938, 56.1792
36609.375, 55.4928
36632.813, 49.9576
36656.250, 59.1055
36679.688, 58.7257
36703.125, 55.0374
36726.563, 60.1943
36750.000, 42.2383
36773.438, 57.1998
36796.875, 59.2214
36820.313, 53.9558
36843.750, 57.7512
36867.188, 59.5213
36890.625, 53.1222
36914.063, 52.7654
36937.500, 55.9803
36960.938, 59.9907
36984.375, 57.6760
37007.813, 50.2412
37031.250, 55.7964
37054.688, 61.2783
37078.125, 60.7093
37101.563, 60.2297
37125.000, 56.3548
37148.438, 58.7847
37171.875, 51.7667
37195.313, 57.1641
37218.750, 60.9373
37242.188, 61.0286
37265.625, 58.4324
37289.063, 54.4798
37312.500, 55.0759
37335.938, 59.5924
37359.375, 56.1243
37382.813, 52.9112
37406.250, 59.7646
37429.688, 58.4916
37453.125, 57.2041
37476.563, 56.2315
37500.000, 53.7580
37523.438, 55.3836
37546.875, 52.0329
37570.313, 52.2266
37593.750, 57.1893
37617.188, 57.1405
37640.625, 58.5588
37664.063, 52.7840
37687.500, 47.5837
37710.938, 57.7750
37734.375, 54.8408
37757.813, 56.8555
37781.250, 55.7892
37804.688, 53.4073
37828.125, 59.9546
37851.563, 35.6827
37875.000, 59.4659
37898.438, 52.1419
37921.875, 55.5818
37945.313, 56.8328
37968.750, 56.7255
37992.188, 37.5780
38015.625, 48.3950
38039.063, 55.8776
38062.500, 53.6029
38085.938, 56.9233
38109.375, 56.5101
38132.813, 53.2992
38156.250, 50.1411
38179.688, 55.5709
38203.125, 51.6421
38226.563, 55.7722
38250.000, 44.9443
38273.438, 57.0071
38296.875, 54.9518
38320.313, 51.0097
38343.750, 44.8507
38367.188, 43.5069
38390.625, 50.7715
38414.063, 49.0911
38437.500, 55.4966
38460.938, 52.1730
38484.375, 53.6197
38507.813, 43.7612
38531.250, 54.5451
38554.688, 51.3550
38578.125, 55.0346
38601.563, 46.2465
38625.000, 55.0218
38648.438, 55.3988
38671.875, 48.4272
38695.313, 50.9451
38718.750, 54.7086
38742.188, 47.0529
38765.625, 50.0324
38789.063, 53.5304
38812.500, 54.5737
38835.938, 54.3191
38859.375, 47.8005
38882.813, 45.1818
38906.250, 55.1025
38929.688, 50.9258
38953.125, 49.3413
38976.563, 50.5567
39000.000, 53.0592
39023.438, 44.2650
39046.875, 46.7037
39070.313, 48.2135
39093.750, 36.1959
39117.188, 52.7922
39140.625, 55.6708
39164.063, 50.0469
39187.500, 45.3730
39210.938, 45.8343
39234.375, 50.5966
39257.813, 54.7771
39281.250, 55.0498
39304.688, 51.2796
39328.125, 32.6555
39351.563, 31.8674
39375.000, 53.3237
39398.438, 49.4523
39421.875, 46.9081
39445.313, 44.2023
39468.750, 32.3005
39492.188, 53.8748
39515.625, 43.1047
39539.063, 52.8536
39562.500, 51.7298
39585.938, 50.4952
39609.375, 53.0725
39632.813, 51.9790
39656.250, 45.8102
39679.688, 53.2667
39703.125, 40.7620
39726.563, 50.9112
39750.000, 47.4215
39773.438, 34.5021
39796.875, 54.0809
39820.313, 54.9035
39843.750, 56.7578
39867.188, 54.1594
39890.625, 51.4099
39914.063, 48.6795
39937.500, 55.3233
39960.938, 57.2108
39984.375, 42.9046
40007.813, 43.6481
40031.250, 47.6093
40054.688, 50.2651
40078.125, 49.2001
40101.563, 56.2361
40125.000, 50.0619
40148.438, 48.2544
40171.875, 49.7865
40195.313, 54.8610
40218.750, 58.8621
40242.188, 53.7698
40265.625, 56.5949
40289.063, 55.8423
40312.500, 51.6143
40335.938, 40.7886
40359.375, 50.8665
40382.813, 54.3205
40406.250, 55.1786
40429.688, 57.5648
40453.125, 57.1164
40476.563, 59.0161
40500.000, 55.8714
40523.438, 56.1197
40546.875, 55.9611
40570.313, 29.4340
40593.750, 48.1795
40617.188, 44.3483
40640.625, 53.5141
40664.063, 49.5755
40687.500, 47.6561
40710.938, 51.3674
40734.375, 57.2249
40757.813, 46.9143
40781.250, 48.5618
40804.688, 58.2135
40828.125, 49.5592
40851.563, 42.0622
40875.000, 47.9514
40898.438, 54.1307
40921.875, 50.0096
40945.313, 45.2396
40968.750, 50.0579
40992.188, 58.3820
41015.625, 41.7189
41039.063, 41.7458
41062.500, 50.4628
41085.938, 53.9139
41109.375, 57.2260
41132.813, 58.9142
41156.250, 40.7921
41179.688, 50.0068
41203.125, 41.6155
41226.563, 51.3092
41250.000, 52.2955
41273.438, 47.5903
41296.875, 52.8399
41320.313, 56.2212
41343.750, 56.8495
41367.188, 57.4080
41390.625, 55.5771
41414.063, 54.4638
41437.500, 55.2544
41460.938, 54.5968
41484.375, 52.1788
41507.813, 59.0434
41531.250, 52.9620
41554.688, 49.4292
41578.125, 51.3772
41601.563, 51.2022
41625.000, 44.5343
41648.438, 53.9310
41671.875, 57.4619
41695.313, 49.1594
41718.750, 52.3020
41742.188, 50.9085
41765.625, 57.1335
41789.063, 49.2520
41812.500, 56.8956
41835.938, 56.8882
41859.375, 52.5834
41882.813, 49.9278
41906.250, 49.2379
41929.688, 49.4873
41953.125, 44.2862
41976.563, 57.1375
42000.000, 45.8107
42023.438, 55.8860
42046.875, 52.4577
42070.313, 54.4980
42093.750, 54.2045
42117.188, 45.0262
42140.625, 52.6344
42164.063, 53.8438
42187.500, 52.0049
42210.938, 47.1011
42234.375, 40.4168
42257.813, 38.0998
42281.250, 48.1646
42304.688, 47.6818
42328.125, 47.4553
42351.563, 53.8127
42375.000, 51.6281
42398.438, 50.8673
42421.875, 46.9736
42445.313, 42.0595
42468.750, 47.2264
42492.188, 48.1266
42515.625, 52.2130
42539.063, 47.1355
42562.500, 51.2797
42585.938, 49.2120
42609.375, 48.2905
42632.813, 49.1623
42656.250, 54.3184
42679.688, 46.0119
42703.125, 50.8118
42726.563, 47.3131
42750.000, 49.8958
42773.438, 48.2712
42796.875, 49.0603
42820.313, 49.4608
42843.750, 47.6957
42867.188, 52.4514
42890.625, 46.2724
42914.063, 49.0757
42937.500, 50.8997
42960.938, 49.5315
42984.375, 48.7645
43007.813, 49.5079
43031.250, 51.5745
43054.688, 52.5707
43078.125, 54.7706
43101.563, 46.8392
43125.000, 54.2585
43148.438, 40.4476
43171.875, 48.5776
43195.313, 51.4838
43218.750, 39.4019
43242.188, 47.9635
43265.625, 48.1159
43289.063, 44.5990
43312.500, 47.8259
43335.938, 47.8896
43359.375, 57.9334
43382.813, 56.8482
43406.250, 54.6951
43429.688, 48.8546
43453.125, 57.3703
43476.563, 54.2309
43500.000, 57.6577
43523.438, 50.3840
43546.875, 50.5110
43570.313, 47.1520
43593.750, 59.1008
43617.188, 54.4820
43640.625, 58.0818
43664.063, 53.6063
43687.500, 57.1500
43710.938, 56.8467
43734.375, 57.4388
43757.813, 55.5771
43781.250, 41.8828
43804.688, 52.2584
43828.125, 55.6859
43851.563, 61.1035
43875.000, 60.4172
43898.438, 60.7620
43921.875, 59.2410
43945.313, 66.2708
43968.750, 69.0559
43992.188, 68.8698
44015.625, 62.8130
44039.063, 56.4919
44062.500, 74.2417
44085.938, 75.0487
44109.375, 67.9530
44132.813, 70.8070
44156.250, 72.1823
44179.688, 52.4566
44203.125, 63.2924
44226.563, 55.5064
44250.000, 64.3841
44273.438, 56.6363
44296.875, 64.5117
44320.313, 44.8281
44343.750, 57.8568
44367.188, 56.1191
44390.625, 56.3599
44414.063, 55.6488
44437.500, 58.1072
44460.938, 53.9557
44484.375, 55.4997
44507.813, 52.4364
44531.250, 56.8375
44554.688, 57.5054
44578.125, 52.7309
44601.563, 57.7340
44625.000, 48.1257
44648.438, 48.4106
44671.875, 59.0795
44695.313, 53.1798
44718.750, 57.0872
44742.188, 46.4640
44765.625, 55.4351
44789.063, 45.9958
44812.500, 48.5248
44835.938, 46.5270
44859.375, 50.2149
44882.813, 55.2855
44906.250, 44.1314
44929.688, 51.8146
44953.125, 42.5266
44976.563, 53.6676
45000.000, 49.9542
45023.438, 37.0978
45046.875, 53.7683
45070.313, 47.6304
45093.750, 43.9612
45117.188, 58.3277
45140.625, 48.7615
45164.063, 45.8031
45187.500, 49.4443
45210.938, 55.5891
45234.375, 46.7282
45257.813, 54.4421
45281.250, 47.5584
45304.688, 49.3901
45328.125, 53.1809
45351.563, 52.9556
45375.000, 55.3902
45398.438, 32.4325
45421.875, 52.3601
45445.313, 55.2342
45468.750, 53.3166
45492.188, 52.3939
45515.625, 50.0081
45539.063, 46.8103
45562.500, 52.2794
45585.938, 52.8401
45609.375, 51.3171
45632.813, 40.7652
45656.250, 44.0525
45679.688, 50.1605
45703.125, 51.4051
45726.563, 52.5434
45750.000, 51.9735
45773.438, 52.8308
45796.875, 50.5460
45820.313, 42.7248
45843.750, 51.8277
45867.188, 51.1007
45890.625, 47.9280
45914.063, 50.1054
45937.500, 42.5959
45960.938, 50.8747
45984.375, 49.4892
46007.813, 41.7637
46031.250, 51.1509
46054.688, 44.3937
46078.125, 49.7358
46101.563, 48.1567
46125.000, 50.5054
46148.438, 51.2992
46171.875, 50.8717
46195.313, 44.8008
46218.750, 49.2831
46242.188, 45.1372
46265.625, 42.5646
46289.063, 48.3178
46312.500, 51.0647
46335.938, 48.3063
46359.375, 47.1674
46382.813, 42.4851
46406.250, 53.0336
46429.688, 50.9693
46453.125, 50.1487
46476.563, 50.0443
46500.000, 43.7848
46523.438, 51.9009
46546.875, 41.5367
46570.313, 42.5476
46593.750, 44.4656
46617.188, 47.5630
46640.625, 50.3629
46664.063, 50.1908
46687.500, 48.5293
46710.938, 46.0312
46734.375, 53.5344
46757.813, 52.1988
46781.250, 45.6365
46804.688, 42.7131
46828.125, 52.7611
46851.563, 49.5216
46875.000, 45.0724
46898.438, 54.1014
46921.875, 51.4761
46945.313, 52.6975
46968.750, 49.5531
46992.188, 55.6551
47015.625, 49.7128
47039.063, 47.9092
47062.500, 48.2057
47085.938, 55.3446
47109.375, 52.0404
47132.813, 49.7293
47156.250, 47.9450
47179.688, 49.6677
47203.125, 51.6651
47226.563, 49.9168
47250.000, 53.2384
47273.438, 47.5834
47296.875, 52.5455
47320.313, 44.0066
47343.750, 54.9107
47367.188, 54.7549
47390.625, 47.7472
47414.063, 54.0088
47437.500, 49.8810
47460.938, 47.8143
47484.375, 48.9997
47507.813, 52.6979
47531.250, 50.1137
47554.688, 41.6205
47578.125, 41.2108
47601.563, 47.6278
47625.000, 51.9077
47648.438, 52.0833
47671.875, 40.4405
47695.313, 55.1978
47718.750, 39.7082
47742.188, 46.0728
47765.625, 56.8132
47789.063, 46.9890
47812.500, 54.0930
47835.938, 47.5613
47859.375, 48.2182
47882.813, 51.0757
47906.250, 41.1821
47929.688, 52.4511
47953.125, 57.8945
47976.563, 53.3747
